197
0 13
30723 70546 6990 4346 45948 82022 1599 91997 96767 45608 94356 88544 94192
1 19
50324 13706 88985 75323 4989 54693 43193 64718 4770 51943 32904 22277 89494 30294 26185 57868 94334 36109 81515
2 18
59105 81874 95109 9041 70856 29805 86566 2833 88815 70281 99122 85500 81548 11192 96619 7100 35387 16023
3 14
43193 1441 28715 19769 23414 92770 73436 68679 75988 4982 93556 54205 49233 6008
4 12
16808 14116 3437 7431 39112 88055 7521 84490 24927 75782 50423 89089
5 16
69906 85820 32713 34776 41431 62891 83777 31929 86009 14459 98759 47081 70553 30091 90613 48874
6 15
27899 1006 8469 27549 46 40065 76032 2535 7756 76192 52588 32000 92011 78614 47182
7 20
70688 37266 27984 21142 50744 84296 63360 12603 37050 87022 32082 17095 79184 71696 47086 37092 95812 90821 22656 40419
8 12
47723 28843 55075 82683 53591 44699 9995 29784 6488 71854 16557 26670
9 19
72742 32264 18888 91115 51373 73654 15538 21205 95375 83380 64402 23584 90178 75171 38744 67053 35949 31528 83907
10 10
14256 12532 38822 77591 24649 25447 40578 42576 36199 2967
11 18
73881 70210 38257 51837 87231 46556 83794 8607 82602 27005 67649 97198 36879 4869 77382 58221 74826 29132
12 13
37212 34570 3072 4986 16384 74644 42296 20226 45929 23189 19620 79461 14869
13 16
54831 59458 46105 25167 292 90680 92709 84405 80223 22579 65060 33975 80593 34910 19001 14748
14 16
46235 55357 42278 33620 70476 12947 10793 24976 29824 86966 36842 79169 7166 27676 92796 57106
15 14
83108 12330 29618 21436 2196 17745 59740 8913 34990 81548 23394 97244 17740 1051
16 18
19163 79317 86246 21273 80933 45051 78933 69365 66289 40720 14484 12081 31044 46212 65538 46573 59477 45060
17 11
72496 51970 7594 44591 25571 260 55850 29228 16957 45853 96442
18 14
74125 74997 29586 69057 73308 55842 56601 52255 64396 80302 98878 35169 75224 52395
19 20
54031 84320 50289 84845 45938 62074 10987 289 31923 15417 33832 34109 59697 53181 53043 77516 82303 41297 2596 57153
20 18
56269 99671 68344 54112 21904 70902 46404 6642 83263 60514 17453 92494 37314 82710 54544 88220 45286 79689
21 11
81905 68435 12966 90246 3458 64318 49514 47189 35891 12190 26628
22 12
82744 82315 92610 75945 28374 61262 44960 93602 22817 2491 72092 52246
23 15
89639 33117 22914 26317 47054 41636 79922 26113 74428 98955 30360 37676 21213 51430 33589
24 20
46348 77741 480 62132 37301 33209 46741 29104 67938 68370 90615 88984 44558 47774 38835 17724 1864 79114 264 51615
25 13
87370 26816 5898 28562 87786 60620 79583 14449 97951 8959 31263 16523 69060
26 11
33647 21296 38644 55793 79353 36834 89591 28825 57812 31193 18513
27 11
68826 28774 16616 62977 31660 26450 47183 4210 60997 60124 6037
28 16
85083 95507 4816 8020 93781 4431 3516 60398 15591 73030 6372 97303 31037 89282 90587 78067
29 18
69534 23600 50056 97733 99675 77350 68691 33336 55674 80009 69361 33042 12708 68449 66311 77682 80532 93750
30 10
38354 82894 20501 79533 56455 18368 77688 2933 60328 8490
31 14
17547 62359 81525 27105 82457 13425 93376 79809 41476 72520 76529 54387 51917 22987
32 10
38606 60474 41228 80734 97929 90270 34352 50751 93731 20014
33 13
30297 37618 79505 67446 92382 14856 21653 69331 65864 52455 68835 34019 16578
34 15
83619 97750 22903 95869 66243 78776 27800 94768 88521 37051 6351 54026 34868 58167 89682
35 10
7718 45746 16035 34846 38402 52920 17816 14697 39949 23008
36 20
25237 43003 26631 19921 35593 46868 18738 26656 30060 95899 99462 38217 78426 2357 63319 89878 99914 73880 59274 77963
37 15
27304 47505 84584 56840 49544 23993 5214 45921 35308 51214 72136 72497 48474 75287 87774
38 15
8915 10335 51190 21305 5620 40728 92416 45134 21768 40183 97654 96167 734 61902 42521
39 10
81581 42324 83488 51883 52877 75554 40361 6160 70955 80241
40 18
55044 56150 10041 71595 18317 48977 72243 54819 2214 67314 54496 35481 36966 96238 32351 2068 74784 80961
41 14
48005 98655 12876 81687 7546 48148 45821 55220 14650 94664 3373 23935 86914 96798
42 15
65467 4919 10211 29654 72038 8725 64401 83940 93173 27005 37126 5504 75467 75269 89954
43 14
1300 12029 76079 17070 85041 34357 40922 80189 39292 54371 84351 5579 28951 84667
44 10
99995 55186 44184 42450 5774 42293 70619 47089 68663 41077
45 19
4932 10583 85937 74095 70497 48991 54179 26758 20500 64975 57568 98809 93604 98282 21814 48669 5047 58149 75469
46 12
10254 74102 96398 91066 2364 32725 1130 49565 70560 86148 60840 17495
47 14
20888 75264 27863 2269 82166 88949 37406 98468 31594 13417 13740 73541 56843 40678
48 13
58936 97064 54540 20457 67080 18532 60186 83383 36919 35013 25194 22992 23765
49 16
81299 26234 91945 70836 54114 88738 85191 11201 3282 35301 79071 99402 50600 26899 88974 40180
50 13
17550 84778 41246 16855 18611 75002 25630 42774 39797 68416 61638 10110 29395
51 15
45737 24139 56863 29380 7612 21756 80425 1232 30233 94821 84968 41132 46326 44207 86536
52 19
81158 83658 79254 42359 66143 99295 47297 36808 97618 58568 79233 27381 18026 69736 58885 97294 82886 81132 78912
53 11
27198 42293 61098 56156 67042 70968 1061 60488 2478 45897 19871
54 16
30585 24468 49211 16396 81349 97254 50638 1443 52778 42403 72890 66803 13920 25896 84312 67037
55 20
68662 462 44334 54182 2172 2612 88825 49673 86566 12794 13647 26334 95128 88101 30150 30930 79878 34149 37240 52714
56 15
80656 41258 5487 50165 23611 28047 84270 44576 41616 38063 73709 98966 10723 1975 73146
57 15
73651 61102 86607 45617 64713 15748 14344 4593 65665 38013 94422 51330 8335 28989 8238
58 15
26116 45516 86222 17962 82981 44540 76612 4043 54095 92131 38991 94469 20337 29746 73007
59 11
67259 93898 31296 31352 87610 50747 92948 25403 11293 26167 31042
60 18
5746 48671 69273 83752 49316 52034 59363 94087 28871 82467 5240 70657 40806 46319 17013 72477 8637 56812
61 16
38128 74641 99911 81777 78493 4280 91434 91850 270 26630 22628 30734 17897 10448 83635 26401
62 13
25446 50224 55153 34883 33960 24209 88391 50167 74295 65506 38034 19676 32276
63 17
57221 77140 92940 25965 28879 34920 16242 93113 45240 30165 21716 63248 88126 33416 25008 55968 23223
64 12
71728 63368 25621 67599 49651 60409 76638 96345 24964 60687 13012 11463
65 14
44760 57130 57220 59303 24590 90454 36630 17981 21926 53992 38511 18896 4722 38890
66 15
26607 13197 11335 83824 22348 15998 72416 69045 70205 55593 49758 56934 61868 54391 77667
67 20
13875 66461 97315 43389 70823 8420 56251 3776 29957 43532 19160 96609 23088 78606 53171 38474 17819 80138 10379 97380
68 13
94481 8566 73468 5298 35280 10197 79229 33438 31459 85163 66584 62543 57548
69 13
35067 52387 61912 11810 5808 92147 65739 24952 86023 84681 51531 68154 61389
70 10
31812 6291 76432 9993 64567 83527 71576 29436 26928 23731
71 11
75318 40430 62816 75600 39726 65594 48167 6349 74881 85486 70663
72 19
52737 63639 16099 38635 60433 17698 12452 59615 91784 54942 4102 4881 11162 91093 48253 46450 89314 86298 78903
73 11
22148 79103 30379 88601 69928 76043 92750 61346 78262 20938 82289
74 13
65769 52742 11804 36552 67280 17935 47298 34196 99556 20945 56128 42042 1629
75 12
90752 28878 19632 65236 45665 80304 92243 43815 22522 28823 43652 72551
76 17
46769 81635 91509 99304 67143 95928 7302 21821 42055 54818 66622 98446 77142 71229 1634 36898 19617
77 16
11920 11143 81909 65743 70261 96432 56177 95141 26220 94272 45201 44790 3940 69743 73982 79616
78 15
7306 25169 53839 20552 74517 43271 51814 53971 54051 6719 25401 14333 5862 12249 17734
79 13
92238 17409 34003 3069 9743 68010 81522 95827 15601 20294 75224 40712 5547
80 17
96285 94117 37071 12030 22662 13772 96007 37356 67483 92650 81956 17457 46439 80494 46553 95825 5458
81 12
44840 13133 10508 84897 83633 50891 62136 36541 31915 46586 50496 40496
82 18
31572 48886 58931 29937 63147 22224 13415 99404 21704 48471 7065 5893 14052 56986 19844 75523 35441 80234
83 15
20825 17989 80483 85294 83179 43912 68141 73003 65409 13463 72666 41578 96069 31628 28287
84 14
37438 58794 33692 71298 90543 18348 82077 37440 90842 18411 45810 90880 41018 82737
85 16
59997 15863 53643 53981 70641 31742 94608 92115 88729 77360 89512 64587 86169 83166 6616 19037
86 20
72443 40976 99786 7957 96175 85049 7112 49254 92133 47605 25588 42084 62817 62883 41539 3767 16121 43935 10795 36423
87 17
98047 28830 44709 25699 50554 78681 85988 21592 50480 41079 27257 34907 57561 2467 5534 71808 98751
88 20
96717 16004 83687 85299 8235 42841 15842 28074 95943 87879 30039 16584 13921 26920 2478 83567 64710 71517 9925 92257
89 20
93351 44708 66447 19047 75415 74429 98228 43448 39105 72340 5836 32438 70486 82939 29904 18455 88628 72941 28626 19252
90 18
65404 30424 9142 20587 84496 95653 52541 40872 64411 37417 37135 95721 74876 23367 1478 83735 72951 47964
91 12
94831 45233 23080 62289 65828 4615 55882 88836 71046 70086 64959 38927
92 10
76538 23932 42710 57354 37274 9131 20672 33545 87154 73669
93 13
75812 96941 65081 27779 99230 75406 35757 15573 24351 4096 28596 66888 84902
94 10
49421 30997 63335 10541 25513 55136 20853 50346 87974 77339
95 16
50831 28427 82406 13609 58970 33411 60413 56045 39472 19764 18287 12691 40182 73754 7894 8874
96 10
23281 89929 18674 28444 47636 98580 17801 64405 75670 70781
97 17
38272 7252 99357 82800 27478 66523 23593 47920 51358 51506 245 2920 68520 43486 58859 17919 89792
98 19
4622 72853 6464 13143 70163 91507 46925 96616 13795 64688 6296 73377 55650 42700 63141 74203 3001 12862 26827
99 19
81800 18402 67664 44803 26285 82110 3811 26327 86942 31486 95493 60018 25149 72002 29369 50722 3713 13297 89918
100 12
20998 31311 25238 67697 29372 71020 73596 67960 32900 97288 74537 36106
101 16
54173 78088 70616 43781 69032 16959 77210 32249 58595 73147 25582 34930 95514 40385 18985 20446
102 16
11885 35456 85069 7711 14504 53312 8585 98585 79514 19152 53568 19046 99980 98603 35003 52354
103 10
46425 5350 45409 71029 76913 97035 46225 69443 3032 37898
104 18
57272 71482 25130 465 1385 40195 99872 33150 8280 22166 29800 44000 34586 8094 91304 10565 4844 25835
105 16
95504 68037 10607 24002 45152 86995 55294 64936 44148 88984 26600 94910 48768 52938 78249 51447
106 15
6056 58193 20920 48513 30504 3165 91734 41833 69932 23403 35643 59881 27316 55820 13369
107 14
11806 61850 50847 2626 33607 82899 11429 18315 52031 92509 13672 321 48205 79550
108 12
40746 40430 41571 8632 78876 32057 14480 24025 56137 69831 78709 8220
109 17
1127 6005 10753 99720 96201 53431 31234 14563 73208 6688 83469 28527 80047 44771 78690 36814 36017
110 14
34514 58455 56354 89159 88693 58432 18974 55957 7453 73627 12100 60416 58343 18543
111 14
97759 78382 8792 45472 79430 40466 1559 61427 15253 20320 55457 38153 1692 70445
112 14
80573 17832 11114 52160 70867 77268 41452 44301 41284 72141 91132 80378 57312 63369
113 15
35056 44803 75868 77780 49465 9627 8503 68216 90830 42133 93279 54612 2276 16236 30326
114 19
88592 41848 90368 50222 7639 92495 74510 54042 98444 95957 14525 88823 59624 29038 14111 55582 32683 83346 8251
115 10
60419 5443 55235 50746 99249 44635 96238 15264 58775 76397
116 12
1333 20463 90934 39838 17844 87578 36649 44003 35172 90103 73207 17924
117 12
70006 60073 84600 67040 1511 77334 650 77041 25033 5922 47988 77801
118 12
82617 10454 37300 12280 53367 68736 25685 30661 35787 11010 64898 38829
119 10
91944 72291 54033 14639 88914 40858 86752 76328 91459 59319
120 13
87492 49381 75472 27146 75355 66258 12429 56191 75512 65040 86511 91445 49199
121 13
49864 82704 10942 33377 70547 74932 55971 43329 94287 51179 7974 11099 19182
122 10
55902 13385 70053 12344 78834 47800 37843 98090 22078 89613
123 17
72176 58430 36267 41563 67345 28135 18576 50208 15639 10348 93122 56091 18185 52104 22966 7972 20738
124 20
59965 98554 72008 15396 90452 14797 50535 19998 22781 15639 1761 42217 95809 85089 14060 27245 73992 24050 61355 24621
125 19
17310 61022 27867 38475 25834 52647 11431 42699 24555 13083 24320 33912 656 36357 35507 11494 5506 98081 45043
126 13
60661 28788 81361 78172 82184 25398 66217 60367 89595 80097 80486 52847 26235
127 17
11703 36716 53975 77830 61255 18764 57584 38323 9848 18172 20962 39249 38728 59620 94790 58210 10965
128 20
75475 5254 25020 23700 65396 1909 37425 3846 12263 91524 80845 76845 52782 39851 59641 61270 97901 70280 24791 64844
129 20
21181 25020 72361 36695 60713 37171 57394 99552 79097 72054 354 33848 1657 64007 3088 6860 41535 46338 80185 38127
130 11
23705 52276 92828 83421 87349 78198 78772 67453 15660 74051 18406
131 17
10523 56828 28985 76953 24483 72352 79822 46392 85533 10950 71666 34978 34517 6272 72683 93985 39690
132 16
29668 79832 18120 45033 93114 28635 74613 31805 92123 18058 10227 92607 48109 92316 56677 56716
133 18
82122 7565 33453 12199 10438 80314 74057 84646 49987 87782 12428 33861 78260 21351 45686 86155 91673 55070
134 17
5737 403 45846 47633 47729 24980 61847 67647 28793 16075 19313 9886 95907 88870 74298 41101 64887
135 11
54535 92939 29083 3207 60779 62166 30895 59512 35987 10386 5639
136 20
82340 13762 43787 98607 26421 71630 96918 58009 77442 59705 62274 30890 80739 56992 91654 40032 13761 44802 89139 59229
137 10
5902 98244 50676 4851 32272 49521 34194 45131 57414 98310
138 17
89877 59784 3257 9876 89306 19752 1245 19494 82677 32701 96122 71658 17819 46999 26228 90963 38349
139 15
7340 87626 46684 56343 59816 34165 59516 78308 35989 29872 4072 4884 12298 2234 54397
140 15
2293 63228 89909 81907 49928 52687 52046 48853 70493 38510 69001 10582 15021 38144 81310
141 10
21027 27534 1616 11061 84401 33554 42032 52135 37098 61373
142 10
29870 69776 44876 41397 72905 25320 70926 52504 27708 23765
143 13
66161 2562 5193 12602 52677 60993 66255 77545 39825 83523 49036 279 13638
144 19
74125 48185 90129 22337 44290 92868 82951 431 98171 5168 81337 82815 51871 66224 74147 36936 19783 68050 17601
145 13
17911 11501 18171 83509 43739 17792 8761 28599 10017 42861 34266 2947 91336
146 20
74324 88980 55777 14602 31293 49939 75714 32433 92092 78738 25537 99600 59044 59664 73303 73002 90250 98354 32080 93095
147 19
88118 35845 68662 10586 22178 94927 19749 73296 63425 52718 14550 37740 53926 37483 77014 55169 25669 37898 85475
148 20
95553 36932 24662 31811 29002 27152 48041 39506 78251 19015 58781 20919 62178 54912 80395 1799 38119 87691 73136 74244
149 16
37295 72293 23806 33639 165 21703 59973 91683 18366 99669 98219 95315 92056 4532 70882 13717
150 15
33273 16788 48953 4579 17962 81884 7834 93103 78811 96729 57972 47914 63625 16000 96450
151 19
77181 71380 51752 80806 38722 79395 88713 52988 8997 51485 45838 90385 65393 96716 3581 71319 4080 7135 32877
152 15
7397 6495 99881 53098 2597 43075 97066 52014 45217 94552 79562 54813 20883 19748 42955
153 10
52957 12029 16176 20927 87655 52612 47900 85745 79354 14383
154 14
63052 81495 67699 60864 42915 53038 61596 79976 92325 75769 5007 21049 85080 70841
155 15
86273 65765 23530 401 77765 56899 95233 35375 74994 41601 20637 78110 40826 9061 93499
156 11
36043 47307 42859 46885 20438 73296 54977 1251 65197 15885 13469
157 10
38214 78510 54386 37367 76461 82967 50132 54832 28513 93822
158 20
93386 59994 9689 37704 80158 7136 18337 24685 51773 18840 74345 40916 29961 76297 46500 54957 41869 40091 56358 59124
159 17
95085 75694 17971 38822 34480 41696 2286 75567 69649 33318 42404 5647 17575 28313 74531 1475 77305
160 16
25390 12217 41226 48510 51145 97339 11618 8044 27664 77017 3242 90695 95331 18127 71889 91727
161 14
46570 58092 45963 79211 47263 51466 7448 45419 94943 49448 81376 98195 96465 45777
162 20
80156 5420 79103 57452 63503 53455 71675 12791 57419 36736 77681 82818 57980 25561 20399 68616 89108 3232 21451 63258
163 11
10060 56471 27393 18620 49186 66424 4420 16713 36018 43547 99041
164 20
42814 2908 2822 17900 57605 72740 705 55460 34476 2451 78121 26313 53669 50070 26042 62079 3057 45825 16202 72856
165 19
88798 29967 33518 51720 91426 77356 78531 71402 78600 57068 81958 76135 82111 6338 37089 28355 56855 77458 70232
166 14
80126 89617 41074 94813 96961 48163 8073 13328 45485 91924 99042 56389 40694 87242
167 19
82163 80055 36303 72109 57990 60871 35985 45177 81155 456 3846 53815 15259 18981 28225 9431 19274 62572 91886
168 13
63287 14881 28552 58465 70949 83448 52171 36460 45973 92582 2077 29298 20639
169 16
34351 25353 41858 98095 80122 88125 64322 6516 79875 83015 82712 69006 16510 89528 11989 24116
170 14
38329 258 22060 31028 83588 41142 51364 86734 80726 57246 91849 24541 66916 74964
171 18
52473 43211 8249 77844 33601 46997 93834 25686 19756 96480 28062 6770 83172 98551 96439 14190 76712 1041
172 10
40484 94827 59860 42999 70045 31032 27524 78037 30433 9363
173 15
58050 61914 17147 38423 55434 26205 94245 56740 10732 27094 9252 39340 29838 33992 42684
174 16
41936 56952 57313 93915 2601 3230 87113 7451 48836 54250 18357 22431 17473 12827 69983 49199
175 14
95975 30966 99140 77880 91584 36466 62114 74652 75429 87982 99355 4931 11424 91350
176 13
71113 16357 10945 13606 16998 19115 2223 73924 80255 517 52991 28722 85538
177 18
722 45612 56541 86060 41033 63728 58838 859 38787 24856 58466 68856 32108 79625 35086 74013 95196 56212
178 14
48325 20627 7805 95541 15008 67149 15696 22363 37052 68949 52494 24744 35873 30541
179 13
83024 26311 98043 47874 90244 19539 19312 58435 2129 72636 34322 61334 21760
180 20
54866 35394 87213 31588 65750 57753 53633 97815 84541 75870 72660 20863 3243 79716 862 98128 71005 52970 56086 22770
181 12
9526 50000 72058 94684 704 45774 66738 33637 97164 73019 8538 88702
182 13
32343 52557 49280 48312 43591 84912 98462 60370 59234 39468 35894 68537 23714
183 17
16414 24770 65872 13504 69806 95173 83777 49796 57239 22382 88463 11152 58566 21933 12614 43021 11397
184 19
40236 19888 33146 98043 87278 21874 34924 71043 56326 31799 33259 29786 66491 41179 30330 69535 64993 80850 33542
185 20
25879 1563 68514 23847 1773 22544 59268 8393 92716 23743 66884 54999 8286 20578 34603 18316 31531 51679 42303 23886
186 16
8967 35534 94298 59043 58615 88442 85818 9510 62546 21969 71948 23306 9144 38500 95871 20557
187 12
14574 83417 37435 71418 16673 89318 2104 1131 90225 8958 65305 20996
188 14
79917 84319 47202 84003 85481 44499 77152 20310 6047 81597 82222 98908 89969 85832
189 20
59556 35951 97539 19050 66236 83098 75804 71241 46361 81063 86126 25200 82215 67725 558 19259 97186 50049 93551 88865
190 16
38946 467 892 79368 72815 47240 31629 47540 92682 13152 8471 22827 43926 40913 385 74195
191 12
29405 90844 96170 6969 13430 65917 81370 18918 20994 9025 68432 51104
192 19
75505 82040 842 62194 53954 3792 43949 35813 96130 98221 8270 31362 90510 13411 12389 92427 19879 50754 76387
193 16
39433 23224 5101 15259 24075 33772 82723 96349 1573 52786 14292 33768 98527 77694 62625 9885
194 16
82197 43425 66598 86222 70160 9573 28497 25795 49854 87105 64388 30774 12702 74088 89950 34945
195 16
17296 43280 73457 78761 53204 78693 12114 60511 40808 14697 69838 27035 78174 78402 36881 20739
196 10
13141 5115 89215 22238 33435 83139 21560 90527 49095 66180
